delta_x,delta_y
0.0,0.0
0.002017693124290645,-0.06105019559817423
0.03085776220590108,0.05212842852701792
-0.11086809182924183,-0.0024539401433150386
0.025182895356180904,-0.17471423692701002
-0.15353890377903592,-0.04497994457714378
0.17516837830895346,-0.0952652459504788
-0.032252619462784564,-0.3426924268174546
0.028515768133128627,-0.008979766166949383
-0.07255377208666626,-0.13140752870101616
-0.11139448066367214,-0.104242897370843
-0.0398707782484234,0.043194116875363765
-0.10534362328732844,-0.28654304083484394
-0.007614952476948073,-0.04036606099105245
-0.11006102654568244,-0.249127418010994
-0.23546242346665905,-0.3609114646810812
-0.08177378272266647,-0.2835511383057329
-0.19738989361430576,-0.2073642075024421
-0.24721989795505145,-0.12050522958403576
-0.17164566070280113,-0.3542284990316119
-0.3174321187093264,-0.4537704643991464
-0.142179292735404,-0.2430450731992975
-0.17781048611888609,-0.2826902705321669
-0.17007891159431288,-0.3329260529074773
-0.1798365568879337,-0.3305729734163059
-0.3162180162320796,-0.2271356696502089
-0.11673230538719642,-0.17283833865808074
-0.20254500301577316,-0.4240823945048801
-0.00425905142774471,-0.33288625039078024
-0.2486728814230248,-0.4247380178475784
-0.07874860295812504,-0.3041679609209653
-0.2080237233972688,-0.3164953217400275
-0.4984784993133504,-0.3488795105092628
-0.4311395641264349,-0.2863200817125304
-0.3296363240899349,-0.467989109685057
-0.4817873696267677,-0.3905759001684063
-0.5412193012521317,-0.3715817493552317
-0.4563273449031911,-0.2907599658654254
-0.4043113929495662,-0.3747378117710502
-0.3970658556366204,-0.5913830588395754
-0.5662741016305246,-0.21865943958207368
-0.6487159620148242,-0.44239707768437264
-0.2882075440009715,-0.5542349107915466
-0.29690714266613405,-0.5287091962773661
-0.3463604933487321,-0.6859519475493344
-0.3641015439131143,-0.5909446443731851
-0.3102278561674421,-0.6723190931716189
-0.3419082106095085,-0.6152456405981863
-0.4225172502864263,-0.5854344575214394
-0.3181911067607228,-0.6483276885726277
-0.28275836527784426,-0.6496667895155206
-0.333877635877293,-0.6504177812352759
-0.5812354868229133,-0.7205879694637806
-0.8652291137268663,-0.37268330132389305
-0.5751733292446387,-0.5036894201957836
-0.3404204557002277,-0.1994168046675017
-0.36824887410290735,-0.5164988370796715
-0.4320205717260612,-0.525934912056381
-0.5537899343939684,-0.5963836218704858
-0.5832359212109763,-0.6537499425828392
-0.4946531064602451,-0.74966937626959
-0.5970688285947312,-0.7958417483086246
-0.4951168288141306,-0.8320568706630611
-0.6038139556895155,-0.7677488473368648
-0.6798929555206917,-0.7344622361687934
-0.6598096809104324,-0.8794400919869537
-0.6166557621152134,-0.8589873215663308
-0.6743040750489393,-0.7099530681046391
-0.5109231091871241,-0.6869620729582484
-0.6783332927691853,-0.7902315911500588
-0.7354380365711579,-0.590257202670716
-0.6941202292731408,-0.6152038812936503
-0.7222562571098331,-0.8602705280710613
-0.6384586914349251,-0.885352629389442
-0.6355495907618879,-0.8200446188422553
-0.6802244099658528,-0.8572152846931246
-0.6977793498961571,-0.8115846306510037
-0.8571386366980099,-0.9071761230707928
-0.7755199407716314,-0.6959123736632804
-0.7360244594138956,-0.7650421664902924
-0.8144742107374295,-0.8410110583212762
-0.8235121349819903,-0.9286621167484396
-0.7782992508665224,-0.7848611627595
-0.9500068441581744,-0.8518335877806434
-0.7223515913236984,-0.9579469648146556
-0.9199898385167922,-0.8184252541212987
-0.9947551668742236,-0.6918495873228754
-1.3285519490685085,-0.7532246385876421
-1.327479131637473,-0.2524753490213705
-1.070354775526459,-1.0048865356412289
-0.9503204343173468,-0.8644502356572592
-0.8540975786127665,-0.9667505896401072
-0.9879031991992924,-0.9076756189795029
-0.8558041133881109,-0.8729954591380902
-1.126614521482463,-0.9984048056202308
-0.883637358134152,-0.8479892293914363
-0.913045413845294,-0.7510359107352754
-1.0222489678316338,-0.8069225624361177
-1.1552054263847849,-0.8536637494881095
-0.9375387277613936,-1.0312502104547965
0.0,0.0
-0.11089688132392904,0.08090792754366563
0.12807222708474572,0.2086174224741188
-0.19559156823101648,-0.12764896727204436
-0.294712513162241,-0.003906076535500111
-0.1161852292331622,-0.17308514384705356
-0.4283183916254947,0.1694892694576035
-0.4075331547483397,0.3134779073670767
-0.3950818825411043,0.18186503491085054
-0.07846329768502511,0.4417696532827436
-0.24413644393355965,0.3846991446584461
-0.10064884320335472,0.2258410809628084
0.1011620413059432,-0.166217535515761
-0.2490353056970393,-0.2043945559544939
-0.1870552607544302,-0.31314101622823753
-0.1387486739988332,-0.07860950531003151
-0.0980083297401809,-0.07208789765784683
0.1852343998611532,-0.21168254196491268
-0.01564571654367151,-0.3228290615415613
-0.08323213896988524,0.01856545002874696
0.2089246409284348,-0.2734894089292821
-0.1574759034443587,-0.09839909370782507
-0.08282395791397247,0.10289761435812024
-0.01125882833466688,-0.016597509421511166
0.14266691345707172,-0.19162030834495786
0.024072257607087925,-0.2950168661782512
0.21844310250241128,-0.09725956518534352
0.23430095105405346,-0.22422276124979085
0.04256132560874022,-0.011178391369950077
-0.18380570024270798,-0.11431183136413207
-0.29864398454095925,-0.2087065265566406
-0.3611561233166408,-0.2419550352168817
-0.3482244301982561,-0.2662341869007395
-0.2503701920393961,-0.006358285780275089
-0.12122575823947082,-0.3442019641933412
-0.2219551479663032,-0.2283745482102276
-0.1377977101318037,-0.3294462310257659
-0.018393392488668562,-0.4230679027183444
-0.15164096951659709,-0.04013075315173943
-0.2881779670838012,-0.2928934036765687
-0.2973952765560913,0.012985466805981012
-0.054561279338129404,-0.2943669372102567
-0.3431403553320775,-0.10438099293435256
-0.09458793970768313,-0.1451846910721562
-0.1898677732758228,-0.17722918578474958
-0.2744712238087643,-0.4902422322111295
-0.06605480213173476,-0.6212033254860246
0.016658210270318406,-0.6046263444509393
-0.32772720265859473,-0.372526353287576
-0.2308826995753816,-0.31799899520718833
0.133749745511754,-0.27076130151867983
-0.10992594589027596,-0.4791203833601456
0.045153149069115085,-0.6886409336785041
-0.10497893561021716,-0.7931031751641988
-0.03806296797952368,-0.6447352007635022
0.19526718056883285,-0.7316826235234214
0.1964810420416983,-0.6207696194231322
0.04803017834046639,-0.5947980304062851
-0.18400627426694666,-0.38225376033329
0.15204044823421062,-0.7113662851499706
0.2115311238683434,-0.7963810911290724
0.12185428873881055,-0.6690723216687229
-0.16052550417927713,-0.4676618085196928
-0.04795631402479456,-0.6861709594532786
0.06567584053972235,-0.7037087811447801
0.12260714429223482,-0.564936989395468
0.022827054642139917,-0.6843387909474673
0.08511442981785662,-0.9747658802035766
-0.21129452250424374,-0.5313993986524963
-0.006900676762828789,-0.6412938757694588
0.1376002970950316,-0.9322279771177684
0.13755679713961852,-0.7419456366810309
0.10960917737188172,-0.7984766349750981
0.3831438179091485,-0.7162689642277965
0.24953285164898525,-0.9580473175218754
0.3195374579365405,-0.7276585401784158
0.1781117526026781,-1.0044520898389333
0.06533768140458616,-1.0490654988966284
-0.08935807105127239,-1.2129936671441697
-0.2105937293443084,-0.7973816095004241
-0.04178287608218128,-0.9399234606326362
-0.21682944445371405,-0.9096574114889491
0.058089842583024465,-1.067352552764197
0.21176573031243015,-1.0524699081014974
-0.09728961190584184,-0.9298582569175644
-0.043033670296409636,-0.9100561035269678
-0.02052112096125808,-0.9556963229136334
-0.15267051634051276,-1.1498965640271912
-0.2190879921915379,-1.0529920290511767
-0.21977169307103256,-1.2222335166942433
-0.011689830618785795,-0.9827203488422959
0.178399259767359,-1.2590077137746989
-0.27020497528423115,-0.9160820090290278
-0.24092613140316896,-0.8113249542599512
-0.22639146765781434,-1.2488898992933402
0.11081097691947303,-1.1489414773135709
0.0392052836778803,-1.2258051759459525
-0.12064835625007887,-0.9507691160956722
0.004381842430095293,-1.0097952614387056
0.22490144216775024,-1.2006182929550908
0.0,0.0
0.15640775414327462,-0.10378260335257096
0.08078586138408181,0.04608238637942419
0.10283146354097664,-0.09430906333967257
0.013316924741445493,-0.12464208965491165
0.1518215688023597,-0.1982322248059461
0.2229975215778523,-0.2338653792910923
0.19550968057469334,-0.07755889841324826
0.20053393954506696,-0.3990645911085522
0.1935876525661556,-0.2455557494397768
0.05134924244522286,-0.2612280160799098
0.09141361915856122,-0.14157092762846318
0.07002035784925192,-0.3154894109153644
0.19985848901104766,-0.12750171687147274
0.011921964643331426,-0.04679387080405645
0.23970495847421874,-0.1173106278438986
0.29255558494457384,-0.3629140363790036
0.0657064966727811,-0.3314934421521364
0.037345082621995714,-0.3173745344974803
0.02609088537368728,-0.4022168908726932
0.16109457236399602,-0.4370283606502983
0.07052292962661479,-0.35579736623983943
0.05351817415879773,-0.4084705793289261
-0.021355212520244582,-0.3122943752919024
-0.14299555132614755,-0.30148334537979593
-0.11954591288728847,-0.2296817687686329
-0.0788285027733071,-0.3217501066503233
0.02141896838134016,-0.4770676065865293
-0.0315302899531515,-0.4124292600581893
-0.12054317861542252,-0.41040228964143216
-0.12754533334654014,-0.3179172337583733
-0.30372197185687755,-0.40338705624251797
-0.25254466955346666,-0.3901284261601066
-0.0398911472885576,-0.4682725602892917
-0.051991018404418735,-0.5568499528565025
0.01361497553957242,-0.7066135726142463
-0.13069263765394062,-0.5825351942453787
-0.10611004485823956,-0.4719928443889964
-0.2899838851302776,-0.3973108930688798
-0.229537278504554,-0.7022225427034803
-0.023666146592061857,-0.6897850801568312
-0.11101346962906128,-0.5970663675793912
-0.1881292776079551,-0.5912543859506478
-0.16883879955774878,-0.6025872902795882
-0.2207965387966077,-0.6397191949911242
-0.1498323325402745,-0.5473098949357913
-0.2066828496755788,-0.6876827561380229
-0.2184167450975295,-0.7283241718127363
-0.23584257097549044,-0.7087887323535311
-0.2113871628600858,-0.7918931749919523
-0.28936479804899395,-0.7512880317738461
-0.1627695721270428,-0.7936932450345806
-0.2203755502354673,-0.8053186631902809
-0.2834414319974934,-0.7191121056363723
-0.13712097126249834,-0.78435028796188
-0.21959753742677976,-0.9132234793092334
-0.2386296062595551,-0.8255799811145349
-0.23778992208363536,-0.8730561551897317
-0.4175179679508231,-0.8299132016661642
-0.29639950992751474,-0.8374432914375242
-0.31739154511338485,-0.7946407002187525
-0.3145457095993793,-0.8404489074259736
-0.3069543117394285,-0.7527400832156306
-0.3551676941512737,-0.8330694004746014
-0.3685736673511608,-0.7579411195554142
-0.37355643288677776,-0.6962671630893801
-0.4879546979472274,-0.7262360358089859
-0.3634751633332271,-0.8505522024244787
-0.4335800668468327,-0.974199716747711
-0.3900877642674177,-0.9825706665033368
-0.4184364900308314,-0.9438700165138808
-0.4098336129755759,-1.0275090929391455
-0.39259626636291206,-1.0169202918000937
-0.5085429943771959,-0.8991573692102601
-0.6051038885921628,-0.852504056747043
-0.4256674034848435,-1.0754722762308004
-0.4285241892599158,-1.1312913246154508
-0.46188343860555997,-0.9367624517230236
-0.4019429494867862,-1.0167492942542355
-0.4030078140513023,-1.1307976814046892
-0.3565098725814537,-0.9606518620500604
-0.4729247953443155,-1.2278187263768088
-0.3933584738103137,-1.053458381473288
-0.6111562041306511,-1.0629228144636702
-0.7127346225286436,-1.1595914124860616
-0.4791357170515614,-1.197548945723646
-0.4800456020498386,-1.0642878686720272
-0.4273116487502298,-1.1544641465172345
-0.5612983928451643,-1.1551932618104808
-0.5750764380769734,-1.1085492825257364
-0.4608904761047552,-1.2687754771602484
-0.5271102191509048,-1.249906005507588
-0.6481042402749456,-1.2304470975349808
-0.7110795199881155,-1.1111646494211858
-0.6093105132516006,-1.0946904343676491
-0.6417975466658878,-1.2627808983033502
-0.5651349062286797,-1.3947011014975246
-0.7164780303336228,-1.211177338459323
-0.6749043143330252,-1.3282865752666184
-0.6906345967933019,-1.197840477436024
